0.000000000000000000e+00 0.000000000000000000e+00
-3.408145436579288479e+00 3.230940765101076861e-01
1.239961533581684927e+00 -3.800309151912975580e-02
-3.110192333377373997e-01 5.069261656447214548e-03
1.234860656112643840e+00 8.584028787555798845e-04
-4.339620239258048962e+00 -4.721281653523940469e-01
-1.212174209763370536e+00 4.594274008409910404e-01
-3.254671101749224249e+00 -3.544449260644185196e-01
-3.372391231575342818e+00 -5.206362134418466292e-01
-9.994984910851913984e-01 -6.231689580462297651e-02
-1.460103791532722184e+00 -1.978106727729273262e-01
-5.223497351468705530e-01 -4.084049570004873869e-02
-3.014717220976402601e+00 -6.609698113555099175e-01
3.820884344827417678e+00 1.959719339160016782e-01
-2.470117865397746471e+00 -3.270101934520461273e-02
2.625787023703805456e+00 -4.489726561961714796e-02
8.874426379335017545e-01 1.625864510915208672e-01
1.174198581157916754e+00 3.338590351419037927e-01
6.140429279954158215e-01 2.469482182681234095e-01
-1.300442312837954306e+00 -1.472502214880221372e-01
-1.130969955884735256e+00 -1.416124180128910670e-01
-1.140844685755123544e+00 -1.771437496081937069e-01
-6.587994921348941935e-01 -8.620027460816652443e-02
-2.439776381901292979e-03 5.030544150641524936e-05
